type;trans_id;local_time;order_num;order_start_time;order_stop_time;delta_time;Stock;date
send_order;111424;111424;31507641040;185.891;185.846;0.044999999999987;FR;20220603
kill_order;111424;111424;31507641040;185.922;185.894;0.027999999999992;FR;20220603
send_order;111424;111424;31507641148;186.162;186.156;0.0060000000000002;FR;20220603
kill_order;111424;111424;31507641148;186.188;186.164;0.024000000000001;FR;20220603
send_order;111425;111425;31507641337;186.5;186.469;0.031000000000006;FR;20220603
kill_order;111425;111425;31507641337;186.515;186.502;0.012999999999977;FR;20220603
send_order;111425;111425;31507641499;186.797;186.781;0.015999999999991;FR;20220603
kill_order;111425;111425;31507641499;186.803;186.798;0.0049999999999955;FR;20220603
send_order;111425;111425;31507641644;187.109;187.093;0.01600000000002;FR;20220603
kill_order;111425;111425;31507641644;187.125;187.111;0.01400000000001;FR;20220603
send_order;111426;111426;31507641795;187.412;187.406;0.0060000000000002;FR;20220603
kill_order;111426;111426;31507641795;187.437;187.414;0.023000000000025;FR;20220603
send_order;111426;111426;31507641934;187.724;187.718;0.0060000000000002;FR;20220603
kill_order;111426;111426;31507641934;187.75;187.726;0.024000000000001;FR;20220603
send_order;111426;111426;31507642171;188.046;188.031;0.014999999999986;FR;20220603
kill_order;111426;111426;31507642171;188.062;188.048;0.01400000000001;FR;20220603
send_order;111427;111427;31507642371;188.359;188.343;0.01600000000002;FR;20220603
kill_order;111427;111427;31507642371;188.365;188.36;0.0049999999999955;FR;20220603
send_order;111427;111427;31507642490;188.671;188.656;0.014999999999986;FR;20220603
kill_order;111427;111427;31507642490;188.687;188.673;0.01400000000001;FR;20220603
send_order;111427;111427;31507642630;188.974;188.968;0.0060000000000002;FR;20220603
kill_order;111427;111427;31507642630;188.999;188.976;0.022999999999996;FR;20220603
send_order;111428;111428;31507642737;189.296;189.281;0.014999999999986;FR;20220603
kill_order;111428;111428;31507642737;189.302;189.298;0.0039999999999907;FR;20220603
send_order;111428;111428;31507642875;189.609;189.593;0.01600000000002;FR;20220603
kill_order;111428;111428;31507642875;189.615;189.61;0.0049999999999955;FR;20220603
send_order;111428;111428;31507643033;189.921;189.905;0.015999999999991;FR;20220603
kill_order;111428;111428;31507643033;189.927;189.923;0.0039999999999907;FR;20220603
send_order;111428;111428;31507643146;190.224;190.218;0.0060000000000002;FR;20220603
kill_order;111428;111428;31507643146;190.249;190.226;0.022999999999996;FR;20220603
send_order;111429;111429;31507643335;190.536;190.53;0.0060000000000002;FR;20220603
kill_order;111429;111429;31507643335;190.562;190.538;0.024000000000001;FR;20220603
send_order;111429;111429;31507643486;190.858;190.843;0.015000000000015;FR;20220603
kill_order;111429;111429;31507643486;190.865;190.86;0.0049999999999955;FR;20220603
send_order;111429;111429;31507643620;191.171;191.155;0.015999999999991;FR;20220603
kill_order;111429;111429;31507643620;191.178;191.173;0.0049999999999955;FR;20220603
send_order;111430;111430;31507643767;191.483;191.468;0.015000000000015;FR;20220603
kill_order;111430;111430;31507643767;191.49;191.485;0.0049999999999955;FR;20220603
send_order;111430;111430;31507643856;191.796;191.78;0.015999999999991;FR;20220603
kill_order;111430;111430;31507643856;191.803;191.798;0.0049999999999955;FR;20220603
send_order;111430;111430;31507643969;192.108;192.093;0.015000000000015;FR;20220603
kill_order;111430;111430;31507643969;192.115;192.11;0.0049999999999955;FR;20220603
send_order;111431;111431;31507644095;192.421;192.405;0.015999999999991;FR;20220603
kill_order;111431;111431;31507644095;192.427;192.423;0.0039999999999907;FR;20220603
send_order;111431;111431;31507644256;192.724;192.718;0.0060000000000002;FR;20220603
kill_order;111431;111431;31507644256;192.749;192.725;0.024000000000001;FR;20220603
send_order;111431;111431;31507644402;193.046;193.03;0.015999999999991;FR;20220603
kill_order;111431;111431;31507644402;193.061;193.047;0.01400000000001;FR;20220603
send_order;111432;111432;31507644566;193.358;193.343;0.015000000000015;FR;20220603
kill_order;111432;111432;31507644566;193.365;193.36;0.0049999999999955;FR;20220603
send_order;111432;111432;31507644710;193.686;193.655;0.031000000000006;FR;20220603
kill_order;111432;111432;31507644710;193.702;193.688;0.01400000000001;FR;20220603
send_order;111432;111432;31507644869;193.983;193.967;0.015999999999991;FR;20220603
kill_order;111432;111432;31507644869;193.989;193.985;0.0039999999999907;FR;20220603
send_order;111433;111433;31507644999;194.296;194.28;0.015999999999991;FR;20220603
kill_order;111433;111433;31507644999;194.302;194.297;0.0049999999999955;FR;20220603
send_order;111433;111433;31507645143;194.608;194.592;0.015999999999991;FR;20220603
kill_order;111433;111433;31507645143;194.614;194.61;0.0039999999999907;FR;20220603
send_order;111433;111433;31507645359;194.911;194.905;0.0060000000000002;FR;20220603
kill_order;111433;111433;31507645359;194.936;194.913;0.022999999999996;FR;20220603
send_order;111433;111433;31507645442;195.224;195.217;0.0069999999999766;FR;20220603
kill_order;111433;111433;31507645442;195.248;195.226;0.021999999999991;FR;20220603
send_order;111434;111434;31507645569;195.545;195.53;0.014999999999986;FR;20220603
kill_order;111434;111434;31507645569;195.552;195.547;0.0049999999999955;FR;20220603
send_order;111435;111434;31507645711;195.858;195.842;0.015999999999991;FR;20220603
kill_order;111435;111434;31507645711;195.864;195.859;0.0049999999999955;FR;20220603
send_order;111435;111434;31507645828;196.161;196.154;0.007000000000005;FR;20220603
kill_order;111435;111434;31507645828;196.186;196.162;0.024000000000001;FR;20220603
send_order;111435;111435;31507645995;196.473;196.467;0.0060000000000002;FR;20220603
kill_order;111435;111435;31507645995;196.498;196.475;0.022999999999996;FR;20220603
send_order;111435;111435;31507646078;196.795;196.779;0.015999999999991;FR;20220603
kill_order;111435;111435;31507646078;196.811;196.797;0.01400000000001;FR;20220603
send_order;111435;111435;31507646213;197.107;197.092;0.014999999999986;FR;20220603
kill_order;111435;111435;31507646213;197.123;197.109;0.013999999999982;FR;20220603
send_order;111436;111436;31507646349;197.411;197.404;0.007000000000005;FR;20220603
kill_order;111436;111436;31507646349;197.436;197.413;0.022999999999996;FR;20220603
send_order;111436;111436;31507646416;197.723;197.717;0.0060000000000002;FR;20220603
kill_order;111436;111436;31507646416;197.748;197.725;0.022999999999996;FR;20220603
send_order;111436;111436;31507646617;198.045;198.029;0.015999999999991;FR;20220603
kill_order;111436;111436;31507646617;198.061;198.046;0.015000000000015;FR;20220603
send_order;111437;111437;31507646744;198.348;198.342;0.0060000000000002;FR;20220603
kill_order;111437;111437;31507646744;198.373;198.35;0.022999999999996;FR;20220603
send_order;111437;111437;31507646883;198.67;198.654;0.015999999999991;FR;20220603
kill_order;111437;111437;31507646883;198.701;198.671;0.030000000000001;FR;20220603
send_order;111437;111437;31507647064;198.982;198.967;0.014999999999986;FR;20220603
kill_order;111437;111437;31507647064;198.988;198.984;0.0039999999999907;FR;20220603
send_order;111438;111438;31507647190;199.285;199.279;0.0060000000000002;FR;20220603
kill_order;111438;111438;31507647190;199.31;199.287;0.022999999999996;FR;20220603
send_order;111438;111438;31507647344;199.607;199.591;0.015999999999991;FR;20220603
kill_order;111438;111438;31507647344;199.623;199.609;0.013999999999982;FR;20220603
send_order;111438;111438;31507647509;199.919;199.904;0.015000000000015;FR;20220603
kill_order;111438;111438;31507647509;199.926;199.921;0.0049999999999955;FR;20220603
send_order;111438;111438;31507647611;200.222;200.216;0.0060000000000002;FR;20220603
kill_order;111438;111438;31507647611;200.247;200.224;0.023000000000025;FR;20220603
send_order;111439;111439;31507647754;200.544;200.529;0.015000000000015;FR;20220603
kill_order;111439;111439;31507647754;200.551;200.546;0.0049999999999955;FR;20220603
send_order;111439;111439;31507647853;200.857;200.841;0.015999999999991;FR;20220603
kill_order;111439;111439;31507647853;200.863;200.858;0.0049999999999955;FR;20220603
send_order;111439;111439;31507648021;201.169;201.154;0.015000000000015;FR;20220603
kill_order;111439;111439;31507648021;201.185;201.171;0.01400000000001;FR;20220603
send_order;111440;111440;31507648166;201.482;201.466;0.015999999999991;FR;20220603
kill_order;111440;111440;31507648166;201.488;201.484;0.0039999999999907;FR;20220603
send_order;111440;111440;31507648290;201.794;201.778;0.01600000000002;FR;20220603
kill_order;111440;111440;31507648290;201.888;201.796;0.092000000000013;FR;20220603
send_order;111440;111440;31507648517;202.106;202.091;0.014999999999986;FR;20220603
kill_order;111440;111440;31507648517;202.113;202.108;0.0049999999999955;FR;20220603
send_order;111441;111441;31507648645;202.419;202.403;0.01600000000002;FR;20220603
kill_order;111441;111441;31507648645;202.434;202.421;0.013000000000005;FR;20220603
send_order;111441;111441;31507648797;202.723;202.716;0.007000000000005;FR;20220603
kill_order;111441;111441;31507648797;202.747;202.724;0.023000000000025;FR;20220603
send_order;111441;111441;31507648977;203.075;203.028;0.046999999999997;FR;20220603
kill_order;111441;111441;31507648977;203.094;203.077;0.016999999999996;FR;20220603
send_order;111442;111442;31507649052;203.356;203.341;0.014999999999986;FR;20220603
kill_order;111442;111442;31507649052;203.372;203.358;0.01400000000001;FR;20220603
send_order;111442;111442;31507649179;203.669;203.653;0.01600000000002;FR;20220603
kill_order;111442;111442;31507649179;203.675;203.67;0.0050000000000239;FR;20220603
send_order;111442;111442;31507649330;203.981;203.965;0.015999999999991;FR;20220603
kill_order;111442;111442;31507649330;203.988;203.983;0.0049999999999955;FR;20220603
send_order;111443;111443;31507649478;204.293;204.278;0.015000000000015;FR;20220603
kill_order;111443;111443;31507649478;204.3;204.295;0.0050000000000239;FR;20220603
send_order;111443;111443;31507649647;204.597;204.59;0.007000000000005;FR;20220603
kill_order;111443;111443;31507649647;204.622;204.599;0.023000000000025;FR;20220603
send_order;111443;111443;31507649794;204.918;204.903;0.015000000000015;FR;20220603
kill_order;111443;111443;31507649794;204.925;204.92;0.0050000000000239;FR;20220603
send_order;111443;111443;31507650019;205.222;205.215;0.007000000000005;FR;20220603
kill_order;111443;111443;31507650019;205.246;205.224;0.02200000000002;FR;20220603
send_order;111444;111444;31507650179;205.543;205.528;0.015000000000015;FR;20220603
kill_order;111444;111444;31507650179;205.55;205.545;0.0050000000000239;FR;20220603
send_order;111444;111444;31507650371;205.856;205.84;0.015999999999991;FR;20220603
kill_order;111444;111444;31507650371;205.862;205.857;0.0049999999999955;FR;20220603
send_order;111444;111444;31507650623;206.168;206.153;0.015000000000015;FR;20220603
kill_order;111444;111444;31507650623;206.184;206.17;0.01400000000001;FR;20220603
send_order;111445;111445;31507650852;206.48;206.465;0.014999999999986;FR;20220603
kill_order;111445;111445;31507650852;206.496;206.482;0.01400000000001;FR;20220603
send_order;111445;111445;31507651014;206.793;206.777;0.01600000000002;FR;20220603
kill_order;111445;111445;31507651014;206.8;206.795;0.0050000000000239;FR;20220603
send_order;111445;111445;31507651194;207.105;207.09;0.014999999999986;FR;20220603
kill_order;111445;111445;31507651194;207.112;207.107;0.0049999999999955;FR;20220603
send_order;111446;111446;31507651360;207.418;207.402;0.01600000000002;FR;20220603
kill_order;111446;111446;31507651360;207.425;207.42;0.0050000000000239;FR;20220603
send_order;111446;111446;31507651564;207.724;207.715;0.0089999999999861;FR;20220603
kill_order;111446;111446;31507651564;207.746;207.725;0.021000000000015;FR;20220603
send_order;111446;111446;31507651783;208.043;208.027;0.01600000000002;FR;20220603
kill_order;111446;111446;31507651783;208.058;208.045;0.013000000000005;FR;20220603
send_order;111447;111447;31507651938;208.371;208.34;0.031000000000006;FR;20220603
kill_order;111447;111447;31507651938;208.386;208.373;0.013000000000005;FR;20220603
send_order;111447;111447;31507652096;208.659;208.652;0.007000000000005;FR;20220603
kill_order;111447;111447;31507652096;208.667;208.661;0.0060000000000002;FR;20220603
send_order;111447;111447;31507652282;208.98;208.964;0.015999999999991;FR;20220603
kill_order;111447;111447;31507652282;208.987;208.982;0.0049999999999955;FR;20220603
send_order;111448;111448;31507652466;209.292;209.277;0.015000000000015;FR;20220603
kill_order;111448;111448;31507652466;209.299;209.294;0.0049999999999955;FR;20220603
send_order;111448;111448;31507652613;209.605;209.589;0.015999999999991;FR;20220603
kill_order;111448;111448;31507652613;209.612;209.607;0.0049999999999955;FR;20220603
send_order;111448;111448;31507652725;209.917;209.902;0.015000000000015;FR;20220603
kill_order;111448;111448;31507652725;209.924;209.919;0.0049999999999955;FR;20220603
send_order;111448;111448;31507652954;210.221;210.214;0.007000000000005;FR;20220603
kill_order;111448;111448;31507652954;210.227;210.223;0.0039999999999907;FR;20220603
send_order;111449;111449;31507653111;210.542;210.527;0.015000000000015;FR;20220603
kill_order;111449;111449;31507653111;210.549;210.544;0.0049999999999955;FR;20220603
send_order;111449;111449;31507653308;210.855;210.839;0.015999999999991;FR;20220603
kill_order;111449;111449;31507653308;210.87;210.857;0.013000000000005;FR;20220603
send_order;111449;111449;31507653515;211.167;211.152;0.015000000000015;FR;20220603
kill_order;111449;111449;31507653515;211.183;211.169;0.013999999999982;FR;20220603
send_order;111450;111450;31507653676;211.48;211.464;0.015999999999991;FR;20220603
kill_order;111450;111450;31507653676;211.495;211.482;0.013000000000005;FR;20220603
send_order;111450;111450;31507654046;211.792;211.776;0.015999999999991;FR;20220603
kill_order;111450;111450;31507654046;211.808;211.794;0.013999999999982;FR;20220603
send_order;111450;111450;31507654360;212.096;212.089;0.007000000000005;FR;20220603
kill_order;111450;111450;31507654360;212.104;212.098;0.0060000000000002;FR;20220603
send_order;111451;111451;31507654460;212.417;212.401;0.015999999999991;FR;20220603
kill_order;111451;111451;31507654460;212.424;212.419;0.0049999999999955;FR;20220603
send_order;111451;111451;31507654618;212.729;212.714;0.015000000000015;FR;20220603
kill_order;111451;111451;31507654618;212.745;212.731;0.01400000000001;FR;20220603
send_order;111451;111451;31507654815;213.042;213.026;0.015999999999991;FR;20220603
kill_order;111451;111451;31507654815;213.048;213.044;0.0039999999999907;FR;20220603
send_order;111452;111452;31507654952;213.354;213.339;0.015000000000015;FR;20220603
kill_order;111452;111452;31507654952;213.37;213.356;0.01400000000001;FR;20220603
send_order;111452;111452;31507655091;213.667;213.651;0.015999999999991;FR;20220603
kill_order;111452;111452;31507655091;213.673;213.668;0.0049999999999955;FR;20220603
send_order;111452;111452;31507655256;213.979;213.963;0.01600000000002;FR;20220603
kill_order;111452;111452;31507655256;213.986;213.981;0.0049999999999955;FR;20220603
send_order;111453;111453;31507655438;214.291;214.276;0.014999999999986;FR;20220603
kill_order;111453;111453;31507655438;214.298;214.293;0.0049999999999955;FR;20220603
send_order;111453;111453;31507655592;214.604;214.588;0.01600000000002;FR;20220603
kill_order;111453;111453;31507655592;214.61;214.606;0.0040000000000191;FR;20220603
send_order;111453;111453;31507655727;214.916;214.901;0.014999999999986;FR;20220603
kill_order;111453;111453;31507655727;214.923;214.918;0.0049999999999955;FR;20220603
send_order;111453;111453;31507655909;215.22;215.213;0.007000000000005;FR;20220603
kill_order;111453;111453;31507655909;215.225;215.222;0.0029999999999859;FR;20220603
send_order;111454;111454;31507656026;215.541;215.526;0.014999999999986;FR;20220603
kill_order;111454;111454;31507656026;215.548;215.543;0.0049999999999955;FR;20220603
send_order;111454;111454;31507656212;215.854;215.838;0.01600000000002;FR;20220603
kill_order;111454;111454;31507656212;215.869;215.856;0.013000000000005;FR;20220603
send_order;111454;111454;31507656396;216.166;216.151;0.014999999999986;FR;20220603
kill_order;111454;111454;31507656396;216.173;216.168;0.0049999999999955;FR;20220603
send_order;111455;111455;31507656548;216.494;216.463;0.031000000000006;FR;20220603
kill_order;111455;111455;31507656548;216.51;216.496;0.013999999999982;FR;20220603
send_order;111455;111455;31507656696;216.791;216.775;0.015999999999991;FR;20220603
kill_order;111455;111455;31507656696;216.798;216.793;0.0049999999999955;FR;20220603
send_order;111455;111455;31507656864;217.103;217.088;0.015000000000015;FR;20220603
kill_order;111455;111455;31507656864;217.11;217.105;0.0050000000000239;FR;20220603
send_order;111456;111456;31507657040;217.416;217.4;0.015999999999991;FR;20220603
kill_order;111456;111456;31507657040;217.431;217.418;0.013000000000005;FR;20220603
send_order;111456;111456;31507657182;217.72;217.713;0.007000000000005;FR;20220603
kill_order;111456;111456;31507657182;217.725;217.722;0.0029999999999859;FR;20220603
send_order;111456;111456;31507657346;218.041;218.025;0.015999999999991;FR;20220603
kill_order;111456;111456;31507657346;218.047;218.043;0.0039999999999907;FR;20220603
send_order;111457;111457;31507657506;218.344;218.338;0.0060000000000002;FR;20220603
kill_order;111457;111457;31507657506;218.353;218.346;0.007000000000005;FR;20220603
send_order;111457;111457;31507657638;218.657;218.65;0.007000000000005;FR;20220603
kill_order;111457;111457;31507657638;218.666;218.659;0.007000000000005;FR;20220603
send_order;111457;111457;31507657772;218.978;218.962;0.01600000000002;FR;20220603
kill_order;111457;111457;31507657772;218.985;218.98;0.0050000000000239;FR;20220603
send_order;111458;111458;31507657961;219.293;219.275;0.018000000000001;FR;20220603
kill_order;111458;111458;31507657961;219.299;219.294;0.0049999999999955;FR;20220603
send_order;111458;111458;31507658072;219.594;219.587;0.007000000000005;FR;20220603
kill_order;111458;111458;31507658072;219.603;219.596;0.007000000000005;FR;20220603
send_order;111458;111458;31507658205;219.907;219.9;0.007000000000005;FR;20220603
kill_order;111458;111458;31507658205;219.915;219.909;0.0060000000000002;FR;20220603
send_order;111458;111458;31507658374;220.219;220.212;0.007000000000005;FR;20220603
kill_order;111458;111458;31507658374;220.225;220.221;0.0039999999999907;FR;20220603
send_order;111459;111459;31507658522;220.54;220.525;0.014999999999986;FR;20220603
kill_order;111459;111459;31507658522;220.547;220.542;0.0049999999999955;FR;20220603
send_order;111459;111459;31507658660;220.853;220.837;0.01600000000002;FR;20220603
kill_order;111459;111459;31507658660;220.86;220.855;0.0050000000000239;FR;20220603
send_order;111459;111459;31507658882;221.181;221.15;0.031000000000006;FR;20220603
kill_order;111459;111459;31507658882;221.196;221.183;0.013000000000005;FR;20220603
send_order;111500;111500;31507659060;221.477;221.462;0.015000000000015;FR;20220603
kill_order;111500;111500;31507659060;221.493;221.479;0.013999999999982;FR;20220603
send_order;111500;111500;31507659271;221.79;221.774;0.015999999999991;FR;20220603
kill_order;111500;111500;31507659271;221.806;221.792;0.01400000000001;FR;20220603
send_order;111500;111500;31507659427;222.102;222.087;0.015000000000015;FR;20220603
kill_order;111500;111500;31507659427;222.118;222.104;0.013999999999982;FR;20220603
send_order;111501;111501;31507659595;222.415;222.399;0.015999999999991;FR;20220603
kill_order;111501;111501;31507659595;222.422;222.417;0.0049999999999955;FR;20220603
send_order;111501;111501;31507659787;222.72;222.712;0.0080000000000098;FR;20220603
kill_order;111501;111501;31507659787;222.727;222.722;0.0049999999999955;FR;20220603
send_order;111501;111501;31507659913;223.055;223.024;0.031000000000006;FR;20220603
kill_order;111501;111501;31507659913;223.071;223.057;0.01400000000001;FR;20220603
send_order;111502;111502;31507660092;223.352;223.337;0.015000000000015;FR;20220603
kill_order;111502;111502;31507660092;223.359;223.354;0.0049999999999955;FR;20220603
send_order;111502;111502;31507660221;223.665;223.649;0.015999999999991;FR;20220603
kill_order;111502;111502;31507660221;223.68;223.667;0.013000000000005;FR;20220603
send_order;111502;111502;31507660403;223.977;223.961;0.015999999999991;FR;20220603
kill_order;111502;111502;31507660403;223.993;223.979;0.013999999999982;FR;20220603
send_order;111503;111503;31507660587;224.289;224.274;0.014999999999986;FR;20220603
kill_order;111503;111503;31507660587;224.305;224.291;0.01400000000001;FR;20220603
send_order;111503;111503;31507660733;224.593;224.586;0.0069999999999766;FR;20220603
kill_order;111503;111503;31507660733;224.602;224.595;0.007000000000005;FR;20220603
send_order;111503;111503;31507660904;224.906;224.899;0.007000000000005;FR;20220603
kill_order;111503;111503;31507660904;224.914;224.907;0.0069999999999766;FR;20220603
send_order;111503;111503;31507661157;225.218;225.211;0.0069999999999766;FR;20220603
kill_order;111503;111503;31507661157;225.224;225.22;0.0039999999999907;FR;20220603
send_order;111504;111504;31507661376;225.539;225.524;0.014999999999986;FR;20220603
kill_order;111504;111504;31507661376;225.555;225.541;0.01400000000001;FR;20220603
send_order;111505;111504;31507661508;225.852;225.836;0.015999999999991;FR;20220603
kill_order;111505;111504;31507661508;225.867;225.854;0.012999999999977;FR;20220603
send_order;111505;111504;31507661674;226.164;226.149;0.014999999999986;FR;20220603
kill_order;111505;111504;31507661674;226.18;226.166;0.01400000000001;FR;20220603
send_order;111505;111505;31507661866;226.468;226.461;0.0069999999999766;FR;20220603
kill_order;111505;111505;31507661866;226.476;226.47;0.0060000000000002;FR;20220603
send_order;111505;111505;31507662057;226.789;226.773;0.015999999999991;FR;20220603
kill_order;111505;111505;31507662057;226.805;226.791;0.01400000000001;FR;20220603
send_order;111505;111505;31507662201;227.093;227.086;0.0069999999999766;FR;20220603
kill_order;111505;111505;31507662201;227.101;227.094;0.007000000000005;FR;20220603
send_order;111506;111506;31507662380;227.405;227.398;0.007000000000005;FR;20220603
kill_order;111506;111506;31507662380;227.414;227.407;0.0069999999999766;FR;20220603
send_order;111506;111506;31507662508;227.717;227.711;0.0060000000000002;FR;20220603
kill_order;111506;111506;31507662508;227.723;227.719;0.0040000000000191;FR;20220603
send_order;111506;111506;31507662672;228.03;228.023;0.007000000000005;FR;20220603
kill_order;111506;111506;31507662672;228.039;228.032;0.0069999999999766;FR;20220603
send_order;111507;111507;31507662888;228.354;228.336;0.018000000000001;FR;20220603
kill_order;111507;111507;31507662888;228.382;228.356;0.02600000000001;FR;20220603
send_order;111507;111507;31507663025;228.655;228.648;0.007000000000005;FR;20220603
kill_order;111507;111507;31507663025;228.664;228.657;0.0069999999999766;FR;20220603
send_order;111507;111507;31507663201;228.967;228.96;0.007000000000005;FR;20220603
kill_order;111507;111507;31507663201;228.976;228.969;0.007000000000005;FR;20220603
send_order;111508;111508;31507663442;229.288;229.273;0.015000000000015;FR;20220603
kill_order;111508;111508;31507663442;229.304;229.29;0.01400000000001;FR;20220603
send_order;111508;111508;31507663584;229.601;229.585;0.015999999999991;FR;20220603
kill_order;111508;111508;31507663584;229.608;229.603;0.0049999999999955;FR;20220603
send_order;111508;111508;31507663804;229.913;229.898;0.015000000000015;FR;20220603
kill_order;111508;111508;31507663804;229.929;229.915;0.01400000000001;FR;20220603
send_order;111508;111508;31507664022;230.217;230.21;0.007000000000005;FR;20220603
kill_order;111508;111508;31507664022;230.222;230.219;0.0030000000000143;FR;20220603
send_order;111509;111509;31507664173;230.538;230.523;0.015000000000015;FR;20220603
kill_order;111509;111509;31507664173;230.545;230.54;0.0049999999999955;FR;20220603
send_order;111509;111509;31507664381;230.851;230.835;0.015999999999991;FR;20220603
kill_order;111509;111509;31507664381;230.858;230.853;0.0049999999999955;FR;20220603
send_order;111509;111509;31507664547;231.163;231.148;0.015000000000015;FR;20220603
kill_order;111509;111509;31507664547;231.17;231.165;0.0049999999999955;FR;20220603
send_order;111510;111510;31507664770;231.475;231.46;0.014999999999986;FR;20220603
kill_order;111510;111510;31507664770;231.491;231.477;0.01400000000001;FR;20220603
send_order;111510;111510;31507664911;231.788;231.772;0.01600000000002;FR;20220603
kill_order;111510;111510;31507664911;231.804;231.79;0.01400000000001;FR;20220603
send_order;111510;111510;31507665047;232.1;232.085;0.014999999999986;FR;20220603
kill_order;111510;111510;31507665047;232.116;232.102;0.01400000000001;FR;20220603
send_order;111511;111511;31507665211;232.413;232.397;0.01600000000002;FR;20220603
kill_order;111511;111511;31507665211;232.429;232.415;0.01400000000001;FR;20220603
send_order;111511;111511;31507665389;232.717;232.71;0.007000000000005;FR;20220603
kill_order;111511;111511;31507665389;232.723;232.719;0.0040000000000191;FR;20220603
send_order;111511;111511;31507665541;233.038;233.022;0.01600000000002;FR;20220603
kill_order;111511;111511;31507665541;233.053;233.04;0.013000000000005;FR;20220603
send_order;111512;111512;31507665728;233.35;233.335;0.014999999999986;FR;20220603
kill_order;111512;111512;31507665728;233.366;233.352;0.01400000000001;FR;20220603
send_order;111512;111512;31507665922;233.662;233.647;0.015000000000015;FR;20220603
kill_order;111512;111512;31507665922;233.678;233.664;0.01400000000001;FR;20220603
send_order;111512;111512;31507666091;233.966;233.959;0.007000000000005;FR;20220603
kill_order;111512;111512;31507666091;233.975;233.968;0.007000000000005;FR;20220603
send_order;111513;111513;31507666281;234.287;234.272;0.015000000000015;FR;20220603
kill_order;111513;111513;31507666281;234.303;234.289;0.01400000000001;FR;20220603
send_order;111513;111513;31507666445;234.6;234.584;0.015999999999991;FR;20220603
kill_order;111513;111513;31507666445;234.606;234.602;0.0039999999999907;FR;20220603
send_order;111513;111513;31507666636;234.912;234.897;0.015000000000015;FR;20220603
kill_order;111513;111513;31507666636;234.919;234.914;0.0050000000000239;FR;20220603
send_order;111513;111513;31507666787;235.225;235.209;0.015999999999991;FR;20220603
kill_order;111513;111513;31507666787;235.24;235.227;0.013000000000005;FR;20220603
send_order;111514;111514;31507666983;235.537;235.522;0.015000000000015;FR;20220603
kill_order;111514;111514;31507666983;235.544;235.539;0.0050000000000239;FR;20220603
send_order;111514;111514;31507667143;235.853;235.834;0.019000000000005;FR;20220603
kill_order;111514;111514;31507667143;235.865;235.855;0.010000000000019;FR;20220603
send_order;111514;111514;31507667322;236.165;236.146;0.019000000000005;FR;20220603
kill_order;111514;111514;31507667322;236.178;236.167;0.010999999999996;FR;20220603
send_order;111515;111515;31507667588;236.475;236.459;0.015999999999991;FR;20220603
kill_order;111515;111515;31507667588;236.482;236.477;0.0049999999999955;FR;20220603
send_order;111515;111515;31507667755;236.787;236.771;0.01600000000002;FR;20220603
kill_order;111515;111515;31507667755;236.803;236.789;0.01400000000001;FR;20220603
send_order;111515;111515;31507667891;237.091;237.084;0.007000000000005;FR;20220603
kill_order;111515;111515;31507667891;237.115;237.093;0.02200000000002;FR;20220603
send_order;111516;111516;31507668056;237.415;237.396;0.019000000000005;FR;20220603
kill_order;111516;111516;31507668056;237.427;237.417;0.0099999999999909;FR;20220603
send_order;111516;111516;31507668270;237.727;237.709;0.018000000000001;FR;20220603
kill_order;111516;111516;31507668270;237.733;237.729;0.0039999999999907;FR;20220603
send_order;111516;111516;31507668475;238.037;238.021;0.01600000000002;FR;20220603
kill_order;111516;111516;31507668475;238.052;238.039;0.013000000000005;FR;20220603
send_order;111517;111517;31507668755;238.341;238.334;0.007000000000005;FR;20220603
kill_order;111517;111517;31507668755;238.365;238.342;0.022999999999996;FR;20220603
send_order;111517;111517;31507668905;238.653;238.646;0.007000000000005;FR;20220603
kill_order;111517;111517;31507668905;238.677;238.655;0.021999999999991;FR;20220603
send_order;111517;111517;31507669140;238.974;238.958;0.015999999999991;FR;20220603
kill_order;111517;111517;31507669140;238.99;238.976;0.01400000000001;FR;20220603
send_order;111518;111518;31507669357;239.278;239.271;0.007000000000005;FR;20220603
kill_order;111518;111518;31507669357;239.302;239.28;0.021999999999991;FR;20220603
send_order;111518;111518;31507669507;239.591;239.583;0.0080000000000098;FR;20220603
kill_order;111518;111518;31507669507;239.615;239.593;0.02200000000002;FR;20220603
send_order;111518;111518;31507669675;239.903;239.896;0.007000000000005;FR;20220603
kill_order;111518;111518;31507669675;239.927;239.905;0.021999999999991;FR;20220603
send_order;111518;111518;31507669919;240.215;240.208;0.007000000000005;FR;20220603
kill_order;111518;111518;31507669919;240.24;240.217;0.022999999999996;FR;20220603
send_order;111519;111519;31507670103;240.536;240.521;0.015000000000015;FR;20220603
kill_order;111519;111519;31507670103;240.552;240.538;0.013999999999982;FR;20220603
send_order;111519;111519;31507670204;240.852;240.833;0.019000000000005;FR;20220603
kill_order;111519;111519;31507670204;240.864;240.854;0.0099999999999909;FR;20220603
send_order;111519;111519;31507670358;241.152;241.145;0.0069999999999766;FR;20220603
kill_order;111519;111519;31507670358;241.177;241.154;0.022999999999996;FR;20220603
send_order;111520;111520;31507670558;241.465;241.458;0.007000000000005;FR;20220603
kill_order;111520;111520;31507670558;241.489;241.467;0.021999999999991;FR;20220603
send_order;111520;111520;31507670723;241.777;241.77;0.0069999999999766;FR;20220603
kill_order;111520;111520;31507670723;241.802;241.779;0.022999999999996;FR;20220603
send_order;111520;111520;31507670894;242.098;242.083;0.015000000000015;FR;20220603
kill_order;111520;111520;31507670894;242.105;242.1;0.0049999999999955;FR;20220603
send_order;111521;111521;31507671096;242.402;242.395;0.0069999999999766;FR;20220603
kill_order;111521;111521;31507671096;242.427;242.404;0.022999999999996;FR;20220603
send_order;111521;111521;31507671248;242.715;242.708;0.007000000000005;FR;20220603
kill_order;111521;111521;31507671248;242.739;242.717;0.021999999999991;FR;20220603
send_order;111521;111521;31507671376;243.027;243.02;0.0069999999999766;FR;20220603
kill_order;111521;111521;31507671376;243.052;243.029;0.022999999999996;FR;20220603
send_order;111522;111522;31507671629;243.34;243.333;0.007000000000005;FR;20220603
kill_order;111522;111522;31507671629;243.364;243.342;0.021999999999991;FR;20220603
send_order;111522;111522;31507671773;243.652;243.645;0.0069999999999766;FR;20220603
kill_order;111522;111522;31507671773;243.676;243.654;0.021999999999991;FR;20220603
send_order;111522;111522;31507671913;243.965;243.957;0.0080000000000098;FR;20220603
kill_order;111522;111522;31507671913;243.989;243.966;0.022999999999996;FR;20220603
send_order;111523;111523;31507672111;244.277;244.27;0.0069999999999766;FR;20220603
kill_order;111523;111523;31507672111;244.301;244.279;0.021999999999991;FR;20220603
send_order;111523;111523;31507672322;244.589;244.582;0.007000000000005;FR;20220603
kill_order;111523;111523;31507672322;244.614;244.591;0.022999999999996;FR;20220603
send_order;111523;111523;31507672473;244.902;244.895;0.0069999999999766;FR;20220603
kill_order;111523;111523;31507672473;244.926;244.904;0.021999999999991;FR;20220603
send_order;111523;111523;31507672722;245.214;245.207;0.007000000000005;FR;20220603
kill_order;111523;111523;31507672722;245.239;245.216;0.022999999999996;FR;20220603
send_order;111524;111524;31507672920;245.526;245.52;0.0060000000000002;FR;20220603
kill_order;111524;111524;31507672920;245.551;245.528;0.022999999999996;FR;20220603
send_order;111524;111524;31507673198;245.839;245.832;0.007000000000005;FR;20220603
kill_order;111524;111524;31507673198;245.863;245.841;0.021999999999991;FR;20220603
send_order;111524;111524;31507673426;246.151;246.145;0.0060000000000002;FR;20220603
kill_order;111524;111524;31507673426;246.176;246.153;0.022999999999996;FR;20220603
send_order;111525;111525;31507673642;246.465;246.457;0.0080000000000098;FR;20220603
kill_order;111525;111525;31507673642;246.489;246.467;0.021999999999991;FR;20220603
send_order;111525;111525;31507673799;246.776;246.769;0.007000000000005;FR;20220603
kill_order;111525;111525;31507673799;246.801;246.778;0.022999999999996;FR;20220603
send_order;111525;111525;31507673946;247.089;247.082;0.007000000000005;FR;20220603
kill_order;111525;111525;31507673946;247.113;247.09;0.022999999999996;FR;20220603
send_order;111526;111526;31507674156;247.401;247.394;0.007000000000005;FR;20220603
kill_order;111526;111526;31507674156;247.426;247.403;0.022999999999996;FR;20220603
send_order;111526;111526;31507674301;247.714;247.707;0.007000000000005;FR;20220603
kill_order;111526;111526;31507674301;247.738;247.716;0.021999999999991;FR;20220603
send_order;111526;111526;31507674450;248.026;248.019;0.007000000000005;FR;20220603
kill_order;111526;111526;31507674450;248.05;248.028;0.02200000000002;FR;20220603
send_order;111527;111527;31507674633;248.338;248.332;0.0060000000000002;FR;20220603
kill_order;111527;111527;31507674633;248.363;248.34;0.022999999999996;FR;20220603
send_order;111527;111527;31507674814;248.651;248.644;0.007000000000005;FR;20220603
kill_order;111527;111527;31507674814;248.675;248.653;0.02200000000002;FR;20220603
send_order;111527;111527;31507675001;248.963;248.956;0.007000000000005;FR;20220603
kill_order;111527;111527;31507675001;248.988;248.965;0.022999999999996;FR;20220603
send_order;111528;111528;31507675123;249.276;249.269;0.007000000000005;FR;20220603
kill_order;111528;111528;31507675123;249.3;249.278;0.02200000000002;FR;20220603
send_order;111528;111528;31507675521;249.588;249.581;0.007000000000005;FR;20220603
kill_order;111528;111528;31507675521;249.613;249.59;0.022999999999996;FR;20220603
send_order;111528;111528;31507675931;249.901;249.894;0.007000000000005;FR;20220603
kill_order;111528;111528;31507675931;249.925;249.902;0.023000000000025;FR;20220603
send_order;111528;111528;31507676101;250.213;250.206;0.007000000000005;FR;20220603
kill_order;111528;111528;31507676101;250.238;250.215;0.022999999999996;FR;20220603
send_order;111529;111529;31507676299;250.526;250.519;0.007000000000005;FR;20220603
kill_order;111529;111529;31507676299;250.55;250.528;0.02200000000002;FR;20220603
send_order;111529;111529;31507676415;250.847;250.831;0.01600000000002;FR;20220603
kill_order;111529;111529;31507676415;250.878;250.848;0.029999999999973;FR;20220603
send_order;111529;111529;31507676645;251.175;251.143;0.032000000000011;FR;20220603
kill_order;111529;111529;31507676645;251.19;251.177;0.013000000000005;FR;20220603
send_order;111530;111530;31507676852;251.463;251.456;0.007000000000005;FR;20220603
kill_order;111530;111530;31507676852;251.487;251.464;0.022999999999996;FR;20220603
send_order;111530;111530;31507676956;251.776;251.769;0.007000000000005;FR;20220603
kill_order;111530;111530;31507676956;251.8;251.778;0.02200000000002;FR;20220603
send_order;111530;111530;31507677117;252.088;252.081;0.007000000000005;FR;20220603
kill_order;111530;111530;31507677117;252.112;252.09;0.021999999999991;FR;20220603
send_order;111531;111531;31507677275;252.401;252.394;0.007000000000005;FR;20220603
kill_order;111531;111531;31507677275;252.425;252.402;0.023000000000025;FR;20220603
send_order;111531;111531;31507677464;252.713;252.706;0.007000000000005;FR;20220603
kill_order;111531;111531;31507677464;252.737;252.715;0.021999999999991;FR;20220603
send_order;111531;111531;31507677582;253.026;253.019;0.007000000000005;FR;20220603
kill_order;111531;111531;31507677582;253.05;253.027;0.023000000000025;FR;20220603
send_order;111532;111532;31507677759;253.346;253.331;0.015000000000015;FR;20220603
kill_order;111532;111532;31507677759;253.353;253.348;0.0049999999999955;FR;20220603
send_order;111532;111532;31507677929;253.651;253.643;0.0080000000000098;FR;20220603
kill_order;111532;111532;31507677929;253.675;253.653;0.02200000000002;FR;20220603
send_order;111532;111532;31507678084;253.975;253.956;0.019000000000005;FR;20220603
kill_order;111532;111532;31507678084;253.987;253.976;0.010999999999996;FR;20220603
send_order;111533;111533;31507678224;254.275;254.268;0.007000000000005;FR;20220603
kill_order;111533;111533;31507678224;254.3;254.277;0.023000000000025;FR;20220603
send_order;111533;111533;31507678474;254.596;254.581;0.015000000000015;FR;20220603
kill_order;111533;111533;31507678474;254.612;254.598;0.013999999999982;FR;20220603
send_order;111533;111533;31507678642;255.018;254.893;0.125;FR;20220603
kill_order;111533;111533;31507678642;255.034;255.02;0.013999999999982;FR;20220603
send_order;111533;111533;31507678820;255.221;255.206;0.015000000000015;FR;20220603
kill_order;111533;111533;31507678820;255.227;255.223;0.0039999999999907;FR;20220603
send_order;111534;111534;31507679250;255.525;255.518;0.007000000000005;FR;20220603
kill_order;111534;111534;31507679250;255.549;255.527;0.02200000000002;FR;20220603
send_order;111535;111534;31507679376;255.862;255.83;0.031999999999982;FR;20220603
kill_order;111535;111534;31507679376;255.877;255.864;0.013000000000005;FR;20220603
send_order;111535;111534;31507679545;256.158;256.143;0.015000000000043;FR;20220603
kill_order;111535;111534;31507679545;256.177;256.16;0.016999999999996;FR;20220603
send_order;111535;111535;31507679723;256.487;256.455;0.032000000000039;FR;20220603
kill_order;111535;111535;31507679723;256.502;256.489;0.013000000000034;FR;20220603
send_order;111535;111535;31507679925;256.775;256.768;0.007000000000005;FR;20220603
kill_order;111535;111535;31507679925;256.799;256.776;0.022999999999968;FR;20220603
send_order;111535;111535;31507680056;257.087;257.08;0.007000000000005;FR;20220603
kill_order;111535;111535;31507680056;257.112;257.089;0.023000000000025;FR;20220603
send_order;111536;111536;31507680248;257.399;257.393;0.0060000000000286;FR;20220603
kill_order;111536;111536;31507680248;257.424;257.401;0.022999999999968;FR;20220603
send_order;111536;111536;31507680553;257.712;257.705;0.007000000000005;FR;20220603
kill_order;111536;111536;31507680553;257.737;257.714;0.023000000000025;FR;20220603
send_order;111536;111536;31507680659;258.033;258.018;0.015000000000043;FR;20220603
kill_order;111536;111536;31507680659;258.049;258.035;0.013999999999953;FR;20220603
send_order;111537;111537;31507680858;258.337;258.33;0.007000000000005;FR;20220603
kill_order;111537;111537;31507680858;258.361;258.339;0.021999999999991;FR;20220603
send_order;111537;111537;31507681073;258.658;258.642;0.01600000000002;FR;20220603
kill_order;111537;111537;31507681073;258.674;258.66;0.013999999999953;FR;20220603
send_order;111537;111537;31507681215;258.962;258.955;0.007000000000005;FR;20220603
kill_order;111537;111537;31507681215;258.986;258.964;0.021999999999991;FR;20220603
send_order;111538;111538;31507681391;259.274;259.267;0.007000000000005;FR;20220603
kill_order;111538;111538;31507681391;259.299;259.276;0.022999999999968;FR;20220603
send_order;111538;111538;31507681549;259.587;259.58;0.007000000000005;FR;20220603
kill_order;111538;111538;31507681549;259.612;259.589;0.023000000000025;FR;20220603
send_order;111538;111538;31507681643;259.899;259.893;0.0060000000000286;FR;20220603
kill_order;111538;111538;31507681643;259.924;259.901;0.022999999999968;FR;20220603
send_order;111538;111538;31507681880;260.236;260.205;0.031000000000006;FR;20220603
kill_order;111538;111538;31507681880;260.252;260.238;0.01400000000001;FR;20220603
send_order;111539;111539;31507682115;260.642;260.517;0.125;FR;20220603
kill_order;111539;111539;31507682115;260.658;260.645;0.013000000000034;FR;20220603
send_order;111539;111539;31507682295;260.837;260.83;0.007000000000005;FR;20220603
kill_order;111539;111539;31507682295;260.861;260.839;0.021999999999991;FR;20220603
send_order;111539;111539;31507682515;261.158;261.142;0.01600000000002;FR;20220603
kill_order;111539;111539;31507682515;261.174;261.16;0.013999999999953;FR;20220603
send_order;111540;111540;31507682701;261.47;261.455;0.015000000000043;FR;20220603
kill_order;111540;111540;31507682701;261.477;261.472;0.0049999999999955;FR;20220603
send_order;111540;111540;31507682918;261.774;261.767;0.007000000000005;FR;20220603
kill_order;111540;111540;31507682918;261.798;261.776;0.021999999999991;FR;20220603
send_order;111540;111540;31507683075;262.087;262.08;0.007000000000005;FR;20220603
kill_order;111540;111540;31507683075;262.111;262.088;0.022999999999968;FR;20220603
send_order;111541;111541;31507683280;262.399;262.392;0.007000000000005;FR;20220603
kill_order;111541;111541;31507683280;262.423;262.401;0.021999999999991;FR;20220603
send_order;111541;111541;31507683593;262.711;262.705;0.0060000000000286;FR;20220603
kill_order;111541;111541;31507683593;262.736;262.713;0.022999999999968;FR;20220603
send_order;111541;111541;31507683732;263.048;263.017;0.031000000000006;FR;20220603
kill_order;111541;111541;31507683732;263.064;263.051;0.013000000000034;FR;20220603
send_order;111542;111542;31507683960;263.336;263.329;0.007000000000005;FR;20220603
kill_order;111542;111542;31507683960;263.361;263.338;0.022999999999968;FR;20220603
send_order;111542;111542;31507684194;263.649;263.642;0.007000000000005;FR;20220603
kill_order;111542;111542;31507684194;263.673;263.651;0.021999999999991;FR;20220603
send_order;111542;111542;31507684314;263.961;263.954;0.007000000000005;FR;20220603
kill_order;111542;111542;31507684314;263.985;263.963;0.021999999999991;FR;20220603
send_order;111543;111543;31507684605;264.273;264.267;0.0060000000000286;FR;20220603
kill_order;111543;111543;31507684605;264.298;264.275;0.023000000000025;FR;20220603
send_order;111543;111543;31507684770;264.586;264.579;0.007000000000005;FR;20220603
kill_order;111543;111543;31507684770;264.61;264.588;0.021999999999991;FR;20220603
send_order;111543;111543;31507684966;264.899;264.892;0.007000000000005;FR;20220603
kill_order;111543;111543;31507684966;264.923;264.901;0.021999999999991;FR;20220603
send_order;111543;111543;31507685299;265.22;265.204;0.01600000000002;FR;20220603
kill_order;111543;111543;31507685299;265.235;265.221;0.01400000000001;FR;20220603
send_order;111544;111544;31507685407;265.523;265.516;0.007000000000005;FR;20220603
kill_order;111544;111544;31507685407;265.548;265.525;0.023000000000025;FR;20220603
send_order;111544;111544;31507685668;265.836;265.829;0.007000000000005;FR;20220603
kill_order;111544;111544;31507685668;265.86;265.837;0.023000000000025;FR;20220603
send_order;111544;111544;31507685874;266.204;266.141;0.062999999999988;FR;20220603
kill_order;111544;111544;31507685874;266.219;266.206;0.012999999999977;FR;20220603
send_order;111545;111545;31507686069;266.469;266.454;0.014999999999986;FR;20220603
kill_order;111545;111545;31507686069;266.485;266.471;0.01400000000001;FR;20220603
send_order;111545;111545;31507686257;266.773;266.766;0.007000000000005;FR;20220603
kill_order;111545;111545;31507686257;266.782;266.775;0.007000000000005;FR;20220603
send_order;111545;111545;31507686410;267.086;267.079;0.007000000000005;FR;20220603
kill_order;111545;111545;31507686410;267.095;267.088;0.007000000000005;FR;20220603
send_order;111546;111546;31507686665;267.398;267.392;0.0060000000000286;FR;20220603
kill_order;111546;111546;31507686665;267.407;267.4;0.007000000000005;FR;20220603
send_order;111546;111546;31507686936;267.72;267.704;0.01600000000002;FR;20220603
kill_order;111546;111546;31507686936;267.727;267.722;0.0049999999999955;FR;20220603
send_order;111546;111546;31507687109;268.023;268.016;0.007000000000005;FR;20220603
kill_order;111546;111546;31507687109;268.032;268.025;0.007000000000005;FR;20220603
send_order;111547;111547;31507687286;268.344;268.329;0.014999999999986;FR;20220603
kill_order;111547;111547;31507687286;268.36;268.346;0.01400000000001;FR;20220603
send_order;111547;111547;31507687467;268.648;268.641;0.007000000000005;FR;20220603
kill_order;111547;111547;31507687467;268.657;268.65;0.007000000000005;FR;20220603
send_order;111547;111547;31507687712;268.961;268.954;0.007000000000005;FR;20220603
kill_order;111547;111547;31507687712;268.969;268.963;0.0059999999999718;FR;20220603
send_order;111548;111548;31507687923;269.273;269.266;0.007000000000005;FR;20220603
kill_order;111548;111548;31507687923;269.282;269.275;0.007000000000005;FR;20220603
send_order;111548;111548;31507688078;269.594;269.579;0.014999999999986;FR;20220603
kill_order;111548;111548;31507688078;269.61;269.596;0.01400000000001;FR;20220603
send_order;111548;111548;31507688307;269.898;269.891;0.007000000000005;FR;20220603
kill_order;111548;111548;31507688307;269.907;269.9;0.007000000000005;FR;20220603
send_order;111548;111548;31507688448;270.21;270.203;0.007000000000005;FR;20220603
kill_order;111548;111548;31507688448;270.219;270.212;0.007000000000005;FR;20220603
send_order;111549;111549;31507688671;270.531;270.516;0.014999999999986;FR;20220603
kill_order;111549;111549;31507688671;270.547;270.533;0.01400000000001;FR;20220603
send_order;111549;111549;31507688873;270.835;270.828;0.007000000000005;FR;20220603
kill_order;111549;111549;31507688873;270.844;270.837;0.007000000000005;FR;20220603
send_order;111549;111549;31507689122;271.156;271.141;0.014999999999986;FR;20220603
kill_order;111549;111549;31507689122;271.163;271.158;0.0049999999999955;FR;20220603
send_order;111550;111550;31507689260;271.46;271.453;0.007000000000005;FR;20220603
kill_order;111550;111550;31507689260;271.469;271.462;0.007000000000005;FR;20220603
send_order;111550;111550;31507689544;271.781;271.766;0.014999999999986;FR;20220603
kill_order;111550;111550;31507689544;271.797;271.783;0.01400000000001;FR;20220603
send_order;111550;111550;31507689715;272.085;272.078;0.007000000000005;FR;20220603
kill_order;111550;111550;31507689715;272.094;272.087;0.007000000000005;FR;20220603
send_order;111551;111551;31507690015;272.4;272.391;0.0089999999999577;FR;20220603
kill_order;111551;111551;31507690015;272.422;272.404;0.018000000000029;FR;20220603
send_order;111551;111551;31507690310;272.718;272.703;0.015000000000043;FR;20220603
kill_order;111551;111551;31507690310;272.734;272.72;0.013999999999953;FR;20220603
send_order;111551;111551;31507690495;273.022;273.015;0.007000000000005;FR;20220603
kill_order;111551;111551;31507690495;273.031;273.024;0.007000000000005;FR;20220603
send_order;111552;111552;31507690669;273.335;273.328;0.007000000000005;FR;20220603
kill_order;111552;111552;31507690669;273.343;273.337;0.0060000000000286;FR;20220603
send_order;111552;111552;31507690797;273.647;273.64;0.007000000000005;FR;20220603
kill_order;111552;111552;31507690797;273.656;273.649;0.007000000000005;FR;20220603
send_order;111552;111552;31507690993;273.96;273.953;0.007000000000005;FR;20220603
kill_order;111552;111552;31507690993;273.968;273.961;0.007000000000005;FR;20220603
send_order;111553;111553;31507691143;274.272;274.265;0.007000000000005;FR;20220603
kill_order;111553;111553;31507691143;274.281;274.274;0.007000000000005;FR;20220603
send_order;111553;111553;31507691310;274.585;274.578;0.007000000000005;FR;20220603
kill_order;111553;111553;31507691310;274.593;274.587;0.0060000000000286;FR;20220603
send_order;111553;111553;31507691495;274.897;274.89;0.007000000000005;FR;20220603
kill_order;111553;111553;31507691495;274.906;274.899;0.007000000000005;FR;20220603
send_order;111553;111553;31507691678;275.21;275.202;0.0079999999999814;FR;20220603
kill_order;111553;111553;31507691678;275.218;275.212;0.0060000000000286;FR;20220603
send_order;111554;111554;31507691867;275.522;275.515;0.007000000000005;FR;20220603
kill_order;111554;111554;31507691867;275.53;275.524;0.0059999999999718;FR;20220603
send_order;111554;111554;31507692101;275.834;275.827;0.007000000000005;FR;20220603
kill_order;111554;111554;31507692101;275.843;275.836;0.007000000000005;FR;20220603
send_order;111554;111554;31507692310;276.146;276.14;0.0060000000000286;FR;20220603
kill_order;111554;111554;31507692310;276.156;276.148;0.0079999999999814;FR;20220603
send_order;111555;111555;31507692474;276.459;276.452;0.007000000000005;FR;20220603
kill_order;111555;111555;31507692474;276.468;276.461;0.007000000000005;FR;20220603
send_order;111555;111555;31507692647;276.772;276.765;0.007000000000005;FR;20220603
kill_order;111555;111555;31507692647;276.78;276.774;0.0059999999999718;FR;20220603
send_order;111555;111555;31507692784;277.084;277.077;0.007000000000005;FR;20220603
kill_order;111555;111555;31507692784;277.093;277.086;0.007000000000005;FR;20220603
send_order;111556;111556;31507692979;277.396;277.39;0.0060000000000286;FR;20220603
kill_order;111556;111556;31507692979;277.405;277.398;0.0069999999999482;FR;20220603
send_order;111556;111556;31507693165;277.709;277.702;0.007000000000005;FR;20220603
kill_order;111556;111556;31507693165;277.718;277.711;0.007000000000005;FR;20220603
send_order;111556;111556;31507693362;278.021;278.014;0.007000000000005;FR;20220603
kill_order;111556;111556;31507693362;278.03;278.023;0.0069999999999482;FR;20220603
send_order;111557;111557;31507693544;278.358;278.327;0.031000000000006;FR;20220603
kill_order;111557;111557;31507693544;278.389;278.36;0.028999999999996;FR;20220603
send_order;111557;111557;31507693726;278.655;278.639;0.015999999999963;FR;20220603
kill_order;111557;111557;31507693726;278.67;278.657;0.013000000000034;FR;20220603
send_order;111557;111557;31507693928;278.958;278.952;0.0060000000000286;FR;20220603
kill_order;111557;111557;31507693928;278.967;278.96;0.007000000000005;FR;20220603
send_order;111558;111558;31507694076;279.271;279.264;0.007000000000005;FR;20220603
kill_order;111558;111558;31507694076;279.28;279.273;0.0069999999999482;FR;20220603
send_order;111558;111558;31507694256;279.592;279.577;0.014999999999986;FR;20220603
kill_order;111558;111558;31507694256;279.608;279.594;0.01400000000001;FR;20220603
send_order;111558;111558;31507694447;279.905;279.889;0.015999999999963;FR;20220603
kill_order;111558;111558;31507694447;279.92;279.906;0.01400000000001;FR;20220603
send_order;111558;111558;31507694658;280.208;280.201;0.007000000000005;FR;20220603
kill_order;111558;111558;31507694658;280.217;280.21;0.007000000000005;FR;20220603
send_order;111559;111559;31507694778;280.521;280.514;0.007000000000005;FR;20220603
kill_order;111559;111559;31507694778;280.529;280.523;0.0059999999999718;FR;20220603
send_order;111559;111559;31507695036;280.842;280.826;0.015999999999963;FR;20220603
kill_order;111559;111559;31507695036;280.861;280.844;0.016999999999996;FR;20220603
send_order;111559;111559;31507695257;281.146;281.139;0.007000000000005;FR;20220603
kill_order;111559;111559;31507695257;281.154;281.148;0.0059999999999718;FR;20220603
send_order;111600;111600;31507695497;281.459;281.451;0.0079999999999814;FR;20220603
kill_order;111600;111600;31507695497;281.467;281.461;0.0059999999999718;FR;20220603
send_order;111600;111600;31507695624;281.771;281.764;0.007000000000005;FR;20220603
kill_order;111600;111600;31507695624;281.779;281.773;0.0059999999999718;FR;20220603
send_order;111600;111600;31507695869;282.083;282.076;0.007000000000005;FR;20220603
kill_order;111600;111600;31507695869;282.092;282.085;0.007000000000005;FR;20220603
send_order;111601;111601;31507696070;282.395;282.389;0.0059999999999718;FR;20220603
kill_order;111601;111601;31507696070;282.404;282.397;0.007000000000005;FR;20220603
send_order;111601;111601;31507696301;282.708;282.701;0.007000000000005;FR;20220603
kill_order;111601;111601;31507696301;282.716;282.71;0.0060000000000286;FR;20220603
send_order;111601;111601;31507696556;283.02;283.013;0.007000000000005;FR;20220603
kill_order;111601;111601;31507696556;283.029;283.022;0.007000000000005;FR;20220603
send_order;111602;111602;31507696762;283.333;283.326;0.007000000000005;FR;20220603
kill_order;111602;111602;31507696762;283.341;283.334;0.007000000000005;FR;20220603
send_order;111602;111602;31507696924;283.645;283.638;0.007000000000005;FR;20220603
kill_order;111602;111602;31507696924;283.654;283.647;0.007000000000005;FR;20220603
send_order;111602;111602;31507697210;283.957;283.951;0.0059999999999718;FR;20220603
kill_order;111602;111602;31507697210;283.966;283.959;0.007000000000005;FR;20220603
send_order;111603;111603;31507697385;284.27;284.263;0.007000000000005;FR;20220603
kill_order;111603;111603;31507697385;284.279;284.272;0.007000000000005;FR;20220603
send_order;111603;111603;31507697557;284.591;284.576;0.014999999999986;FR;20220603
kill_order;111603;111603;31507697557;284.61;284.593;0.016999999999996;FR;20220603
send_order;111603;111603;31507697782;284.895;284.888;0.007000000000005;FR;20220603
kill_order;111603;111603;31507697782;284.904;284.897;0.007000000000005;FR;20220603
send_order;111603;111603;31507697968;285.207;285.2;0.007000000000005;FR;20220603
kill_order;111603;111603;31507697968;285.216;285.209;0.007000000000005;FR;20220603
send_order;111604;111604;31507698099;285.52;285.513;0.007000000000005;FR;20220603
kill_order;111604;111604;31507698099;285.528;285.521;0.007000000000005;FR;20220603
send_order;111605;111604;31507698246;285.841;285.825;0.01600000000002;FR;20220603
kill_order;111605;111604;31507698246;285.857;285.843;0.01400000000001;FR;20220603
send_order;111605;111604;31507698472;286.153;286.138;0.015000000000043;FR;20220603
kill_order;111605;111604;31507698472;286.169;286.155;0.01400000000001;FR;20220603
send_order;111605;111605;31507698669;286.457;286.45;0.007000000000005;FR;20220603
kill_order;111605;111605;31507698669;286.466;286.459;0.007000000000005;FR;20220603
send_order;111605;111605;31507698921;286.77;286.763;0.007000000000005;FR;20220603
kill_order;111605;111605;31507698921;286.778;286.771;0.007000000000005;FR;20220603
send_order;111605;111605;31507699231;287.094;287.075;0.019000000000005;FR;20220603
kill_order;111605;111605;31507699231;287.137;287.096;0.040999999999997;FR;20220603
send_order;111606;111606;31507699410;287.394;287.387;0.007000000000005;FR;20220603
kill_order;111606;111606;31507699410;287.403;287.396;0.007000000000005;FR;20220603
send_order;111606;111606;31507699617;287.707;287.7;0.007000000000005;FR;20220603
kill_order;111606;111606;31507699617;287.716;287.709;0.007000000000005;FR;20220603
send_order;111606;111606;31507699825;288.019;288.012;0.007000000000005;FR;20220603
kill_order;111606;111606;31507699825;288.028;288.021;0.007000000000005;FR;20220603
send_order;111607;111607;31507699986;288.34;288.325;0.014999999999986;FR;20220603
kill_order;111607;111607;31507699986;288.356;288.342;0.01400000000001;FR;20220603
send_order;111607;111607;31507700158;288.653;288.637;0.01600000000002;FR;20220603
kill_order;111607;111607;31507700158;288.672;288.655;0.017000000000053;FR;20220603
send_order;111607;111607;31507700374;288.956;288.95;0.0060000000000286;FR;20220603
kill_order;111607;111607;31507700374;288.965;288.958;0.0069999999999482;FR;20220603
send_order;111608;111608;31507700561;289.269;289.262;0.007000000000005;FR;20220603
kill_order;111608;111608;31507700561;289.278;289.271;0.007000000000005;FR;20220603
send_order;111608;111608;31507700784;289.593;289.575;0.018000000000029;FR;20220603
kill_order;111608;111608;31507700784;289.609;289.595;0.013999999999953;FR;20220603
send_order;111608;111608;31507700999;289.894;289.887;0.007000000000005;FR;20220603
kill_order;111608;111608;31507700999;289.903;289.896;0.007000000000005;FR;20220603
send_order;111608;111608;31507701218;290.207;290.2;0.007000000000005;FR;20220603
kill_order;111608;111608;31507701218;290.218;290.209;0.0090000000000146;FR;20220603
send_order;111609;111609;31507701360;290.519;290.512;0.007000000000005;FR;20220603
kill_order;111609;111609;31507701360;290.527;290.52;0.007000000000005;FR;20220603
send_order;111609;111609;31507701549;290.831;290.824;0.007000000000005;FR;20220603
kill_order;111609;111609;31507701549;290.84;290.833;0.0069999999999482;FR;20220603
send_order;111609;111609;31507701797;291.144;291.137;0.007000000000005;FR;20220603
kill_order;111609;111609;31507701797;291.152;291.145;0.007000000000005;FR;20220603
send_order;111610;111610;31507701952;291.465;291.449;0.015999999999963;FR;20220603
kill_order;111610;111610;31507701952;291.481;291.467;0.01400000000001;FR;20220603
send_order;111610;111610;31507702115;291.769;291.762;0.007000000000005;FR;20220603
kill_order;111610;111610;31507702115;291.777;291.771;0.0059999999999718;FR;20220603
send_order;111610;111610;31507702351;292.09;292.074;0.015999999999963;FR;20220603
kill_order;111610;111610;31507702351;292.105;292.092;0.013000000000034;FR;20220603
send_order;111611;111611;31507702499;292.402;292.387;0.014999999999986;FR;20220603
kill_order;111611;111611;31507702499;292.418;292.404;0.01400000000001;FR;20220603
send_order;111611;111611;31507702784;292.715;292.699;0.015999999999963;FR;20220603
kill_order;111611;111611;31507702784;292.73;292.717;0.013000000000034;FR;20220603
send_order;111611;111611;31507703231;293.027;293.011;0.015999999999963;FR;20220603
kill_order;111611;111611;31507703231;293.043;293.029;0.01400000000001;FR;20220603
send_order;111612;111612;31507703505;293.331;293.324;0.007000000000005;FR;20220603
kill_order;111612;111612;31507703505;293.339;293.332;0.007000000000005;FR;20220603
send_order;111612;111612;31507703778;293.652;293.636;0.015999999999963;FR;20220603
kill_order;111612;111612;31507703778;293.671;293.654;0.016999999999996;FR;20220603
send_order;111612;111612;31507703996;293.956;293.949;0.007000000000005;FR;20220603
kill_order;111612;111612;31507703996;293.964;293.957;0.007000000000005;FR;20220603
send_order;111613;111613;31507704253;294.28;294.261;0.018999999999949;FR;20220603
kill_order;111613;111613;31507704253;294.324;294.282;0.04200000000003;FR;20220603
send_order;111613;111613;31507704479;294.592;294.574;0.017999999999972;FR;20220603
kill_order;111613;111613;31507704479;294.605;294.594;0.011000000000024;FR;20220603
send_order;111613;111613;31507704706;294.902;294.886;0.015999999999963;FR;20220603
kill_order;111613;111613;31507704706;294.917;294.904;0.012999999999977;FR;20220603
send_order;111613;111613;31507704950;295.217;295.198;0.019000000000005;FR;20220603
kill_order;111613;111613;31507704950;295.223;295.219;0.0040000000000191;FR;20220603
send_order;111614;111614;31507705208;295.526;295.511;0.014999999999986;FR;20220603
kill_order;111614;111614;31507705208;295.542;295.529;0.012999999999977;FR;20220603
send_order;111614;111614;31507705401;295.839;295.823;0.01600000000002;FR;20220603
kill_order;111614;111614;31507705401;295.854;295.841;0.012999999999977;FR;20220603
send_order;111614;111614;31507705662;296.154;296.136;0.017999999999972;FR;20220603
kill_order;111614;111614;31507705662;296.198;296.156;0.041999999999973;FR;20220603
send_order;111615;111615;31507705875;296.464;296.448;0.01600000000002;FR;20220603
kill_order;111615;111615;31507705875;296.479;296.466;0.012999999999977;FR;20220603
send_order;111615;111615;31507706116;296.776;296.761;0.014999999999986;FR;20220603
kill_order;111615;111615;31507706116;296.792;296.778;0.013999999999953;FR;20220603
send_order;111615;111615;31507706343;297.089;297.073;0.01600000000002;FR;20220603
kill_order;111615;111615;31507706343;297.104;297.09;0.01400000000001;FR;20220603
send_order;111616;111616;31507706602;297.401;297.386;0.014999999999986;FR;20220603
kill_order;111616;111616;31507706602;297.408;297.403;0.0049999999999955;FR;20220603
send_order;111616;111616;31507706787;297.713;297.698;0.015000000000043;FR;20220603
kill_order;111616;111616;31507706787;297.719;297.715;0.0040000000000191;FR;20220603
send_order;111616;111616;31507706937;298.026;298.01;0.01600000000002;FR;20220603
kill_order;111616;111616;31507706937;298.045;298.028;0.016999999999996;FR;20220603
send_order;111617;111617;31507707107;298.341;298.323;0.018000000000029;FR;20220603
kill_order;111617;111617;31507707107;298.354;298.343;0.010999999999967;FR;20220603
send_order;111617;111617;31507707347;298.654;298.635;0.019000000000005;FR;20220603
kill_order;111617;111617;31507707347;298.666;298.656;0.0099999999999909;FR;20220603
send_order;111617;111617;31507707489;298.955;298.948;0.007000000000005;FR;20220603
kill_order;111617;111617;31507707489;298.979;298.957;0.021999999999991;FR;20220603
send_order;111618;111618;31507707676;299.276;299.26;0.01600000000002;FR;20220603
kill_order;111618;111618;31507707676;299.283;299.278;0.0049999999999955;FR;20220603
send_order;111618;111618;31507707853;299.579;299.573;0.0060000000000286;FR;20220603
kill_order;111618;111618;31507707853;299.604;299.581;0.022999999999968;FR;20220603
send_order;111618;111618;31507708023;299.904;299.885;0.019000000000005;FR;20220603
kill_order;111618;111618;31507708023;299.916;299.905;0.011000000000024;FR;20220603
send_order;111618;111618;31507708222;300.204;300.197;0.007000000000005;FR;20220603
kill_order;111618;111618;31507708222;300.229;300.206;0.022999999999968;FR;20220603
send_order;111619;111619;31507708459;300.517;300.51;0.007000000000005;FR;20220603
kill_order;111619;111619;31507708459;300.541;300.519;0.021999999999991;FR;20220603
send_order;111619;111619;31507708639;300.829;300.822;0.007000000000005;FR;20220603
kill_order;111619;111619;31507708639;300.854;300.831;0.022999999999968;FR;20220603
send_order;111619;111619;31507708913;301.142;301.135;0.007000000000005;FR;20220603
kill_order;111619;111619;31507708913;301.166;301.144;0.021999999999991;FR;20220603
send_order;111620;111620;31507709149;301.454;301.447;0.007000000000005;FR;20220603
kill_order;111620;111620;31507709149;301.479;301.456;0.022999999999968;FR;20220603
send_order;111620;111620;31507709446;301.791;301.76;0.031000000000006;FR;20220603
kill_order;111620;111620;31507709446;301.806;301.793;0.012999999999977;FR;20220603
send_order;111620;111620;31507709644;302.079;302.072;0.007000000000005;FR;20220603
kill_order;111620;111620;31507709644;302.103;302.081;0.021999999999991;FR;20220603
send_order;111621;111621;31507709870;302.391;302.384;0.007000000000005;FR;20220603
kill_order;111621;111621;31507709870;302.416;302.393;0.023000000000025;FR;20220603
send_order;111621;111621;31507710081;302.704;302.697;0.007000000000005;FR;20220603
kill_order;111621;111621;31507710081;302.728;302.706;0.021999999999991;FR;20220603
send_order;111621;111621;31507710231;303.016;303.009;0.007000000000005;FR;20220603
kill_order;111621;111621;31507710231;303.041;303.018;0.023000000000025;FR;20220603
send_order;111622;111622;31507710455;303.329;303.322;0.007000000000005;FR;20220603
kill_order;111622;111622;31507710455;303.353;303.331;0.021999999999991;FR;20220603
send_order;111622;111622;31507710612;303.666;303.634;0.031999999999982;FR;20220603
kill_order;111622;111622;31507710612;303.681;303.668;0.012999999999977;FR;20220603
send_order;111622;111622;31507710815;303.954;303.947;0.007000000000005;FR;20220603
kill_order;111622;111622;31507710815;303.978;303.956;0.021999999999991;FR;20220603
send_order;111623;111623;31507711006;304.266;304.259;0.007000000000005;FR;20220603
kill_order;111623;111623;31507711006;304.29;304.268;0.022000000000048;FR;20220603
send_order;111623;111623;31507711179;304.578;304.572;0.0059999999999718;FR;20220603
kill_order;111623;111623;31507711179;304.603;304.58;0.023000000000025;FR;20220603
send_order;111623;111623;31507711402;304.902;304.884;0.017999999999972;FR;20220603
kill_order;111623;111623;31507711402;304.946;304.904;0.04200000000003;FR;20220603
send_order;111623;111623;31507711585;305.203;305.196;0.0069999999999482;FR;20220603
kill_order;111623;111623;31507711585;305.228;305.205;0.023000000000025;FR;20220603
send_order;111624;111624;31507711754;305.54;305.509;0.031000000000006;FR;20220603
kill_order;111624;111624;31507711754;305.556;305.542;0.01400000000001;FR;20220603
send_order;111624;111624;31507711922;305.852;305.821;0.030999999999949;FR;20220603
kill_order;111624;111624;31507711922;305.868;305.854;0.01400000000001;FR;20220603
send_order;111624;111624;31507712195;306.141;306.134;0.007000000000005;FR;20220603
kill_order;111624;111624;31507712195;306.165;306.143;0.022000000000048;FR;20220603
send_order;111625;111625;31507712365;306.453;306.446;0.0069999999999482;FR;20220603
kill_order;111625;111625;31507712365;306.478;306.455;0.023000000000025;FR;20220603
send_order;111625;111625;31507712565;306.765;306.759;0.0059999999999718;FR;20220603
kill_order;111625;111625;31507712565;306.79;306.767;0.023000000000025;FR;20220603
send_order;111625;111625;31507712745;307.087;307.071;0.015999999999963;FR;20220603
kill_order;111625;111625;31507712745;307.102;307.089;0.012999999999977;FR;20220603
send_order;111626;111626;31507713176;307.39;307.383;0.007000000000005;FR;20220603
kill_order;111626;111626;31507713176;307.415;307.392;0.023000000000025;FR;20220603
send_order;111626;111626;31507713444;307.711;307.696;0.014999999999986;FR;20220603
kill_order;111626;111626;31507713444;307.718;307.713;0.0049999999999955;FR;20220603
send_order;111626;111626;31507713713;308.015;308.008;0.007000000000005;FR;20220603
kill_order;111626;111626;31507713713;308.04;308.017;0.023000000000025;FR;20220603
send_order;111627;111627;31507713966;308.328;308.321;0.0069999999999482;FR;20220603
kill_order;111627;111627;31507713966;308.352;308.33;0.021999999999991;FR;20220603
send_order;111627;111627;31507714132;308.649;308.633;0.01600000000002;FR;20220603
kill_order;111627;111627;31507714132;308.664;308.651;0.012999999999977;FR;20220603
send_order;111627;111627;31507714345;308.977;308.946;0.030999999999949;FR;20220603
kill_order;111627;111627;31507714345;308.992;308.979;0.013000000000034;FR;20220603
send_order;111628;111628;31507714582;309.265;309.258;0.007000000000005;FR;20220603
kill_order;111628;111628;31507714582;309.274;309.267;0.007000000000005;FR;20220603
send_order;111628;111628;31507714774;309.578;309.571;0.0069999999999482;FR;20220603
kill_order;111628;111628;31507714774;309.586;309.58;0.0060000000000286;FR;20220603
send_order;111628;111628;31507714978;309.899;309.883;0.01600000000002;FR;20220603
kill_order;111628;111628;31507714978;309.914;309.901;0.012999999999977;FR;20220603
send_order;111628;111628;31507715196;310.211;310.195;0.01600000000002;FR;20220603
kill_order;111628;111628;31507715196;310.227;310.213;0.013999999999953;FR;20220603
send_order;111629;111629;31507715401;310.523;310.508;0.015000000000043;FR;20220603
kill_order;111629;111629;31507715401;310.53;310.525;0.0049999999999955;FR;20220603
